,kashiwa,baba,mito,tanukikozi,oyama,isesaki,honatsugi,kawasaki,takasaki,mini_tomakomai,mini_shibuya,shintsudanuma,shibuya_center,fuzisawa,kitizyozi,asahikawa,maehashi,sapporo,kawagoe
order_bestie,1,2,3,4,5,6,7,8,9,10,11,12,13,14,15,16,17,18,19
order_virgo,2,4,6,8,10,12,14,16,18,20,22,24,26,28,30,32,34,36,38
order_don't_let_me_down,3,6,9,12,15,18,21,24,27,30,33,36,39,42,45,48,51,54,57
order_code,4,8,12,16,20,24,28,32,36,40,44,48,52,56,60,64,68,72,76
order_presence,5,10,15,20,25,30,35,40,45,50,55,60,65,70,75,80,85,90,95
order_ember,6,12,18,24,30,36,42,48,54,60,66,72,78,84,90,96,102,108,114
order_devilish,7,14,21,28,35,42,49,56,63,70,77,84,91,98,105,112,119,126,133
order_viorently,8,16,24,32,40,48,56,64,72,80,88,96,104,112,120,128,136,144,152
order_go_deep,9,18,27,36,45,54,63,72,81,90,99,108,117,126,135,144,153,162,171
order_baby_baby_baby,10,20,30,40,50,60,70,80,90,100,110,120,130,140,150,160,170,180,190
order_no_scrubs,11,22,33,44,55,66,77,88,99,110,121,132,143,154,165,176,187,198,209
order_sunny,12,24,36,48,60,72,84,96,108,120,132,144,156,168,180,192,204,216,228
order_get_over_it,13,26,39,52,65,78,91,104,117,130,143,156,169,182,195,208,221,234,247
order_watch_out,14,28,42,56,70,84,98,112,126,140,154,168,182,196,210,224,238,252,266
order_cosmic,15,30,45,60,75,90,105,120,135,150,165,180,195,210,225,240,255,270,285
order_realize,16,32,48,64,80,96,112,128,144,160,176,192,208,224,240,256,272,288,304
order_adorable,17,34,51,68,85,102,119,136,153,170,187,204,221,238,255,272,289,306,323
order_genius,18,36,54,72,90,108,126,144,162,180,198,216,234,252,270,288,306,324,342
order_revibe,19,38,57,76,95,114,133,152,171,190,209,228,247,266,285,304,323,342,361
order_zebra,20,40,60,80,100,120,140,160,180,200,220,240,260,280,300,320,340,360,380
order_fact,21,42,63,84,105,126,147,168,189,210,231,252,273,294,315,336,357,378,399
order_progress,22,44,66,88,110,132,154,176,198,220,242,264,286,308,330,352,374,396,418
order_cruel_world,23,46,69,92,115,138,161,184,207,230,253,276,299,322,345,368,391,414,437
order_confidence,24,48,72,96,120,144,168,192,216,240,264,288,312,336,360,384,408,432,456
order_stayfocused,25,50,75,100,125,150,175,200,225,250,275,300,325,350,375,400,425,450,475
order_tactics,26,52,78,104,130,156,182,208,234,260,286,312,338,364,390,416,442,468,494
order_savage,27,54,81,108,135,162,189,216,243,270,297,324,351,378,405,432,459,486,513
order_orange,28,56,84,112,140,168,196,224,252,280,308,336,364,392,420,448,476,504,532
order_victory,29,58,87,116,145,174,203,232,261,290,319,348,377,406,435,464,493,522,551
order_newage,30,60,90,120,150,180,210,240,270,300,330,360,390,420,450,480,510,540,570
order_geddess_of_victory,31,62,93,124,155,186,217,248,279,310,341,372,403,434,465,496,527,558,589
order_just_be_you,32,64,96,128,160,192,224,256,288,320,352,384,416,448,480,512,544,576,608
order_run_2_win,33,66,99,132,165,198,231,264,297,330,363,396,429,462,495,528,561,594,627
order_hypnotize,34,68,102,136,170,204,238,272,306,340,374,408,442,476,510,544,578,612,646
order_good_fortune,35,70,105,140,175,210,245,280,315,350,385,420,455,490,525,560,595,630,665
order_violet,36,72,108,144,180,216,252,288,324,360,396,432,468,504,540,576,612,648,684
order_tamashi,37,74,111,148,185,222,259,296,333,370,407,444,481,518,555,592,629,666,703
order_bet,38,76,114,152,190,228,266,304,342,380,418,456,494,532,570,608,646,684,722
order_bee_and_butterfly,39,78,117,156,195,234,273,312,351,390,429,468,507,546,585,624,663,702,741
order_thumbs_up,40,80,120,160,200,240,280,320,360,400,440,480,520,560,600,640,680,720,760
order_nonfiction,41,82,123,164,205,246,287,328,369,410,451,492,533,574,615,656,697,738,779
order_thorny,42,84,126,168,210,252,294,336,378,420,462,504,546,588,630,672,714,756,798
order_check,43,86,129,172,215,258,301,344,387,430,473,516,559,602,645,688,731,774,817
order_turquoise_blue,44,88,132,176,220,264,308,352,396,440,484,528,572,616,660,704,748,792,836
order_news,45,90,135,180,225,270,315,360,405,450,495,540,585,630,675,720,765,810,855
order_thx4u,46,92,138,184,230,276,322,368,414,460,506,552,598,644,690,736,782,828,874
order_same_is_so_lame,47,94,141,188,235,282,329,376,423,470,517,564,611,658,705,752,799,846,893
order_lock_on,48,96,144,192,240,288,336,384,432,480,528,576,624,672,720,768,816,864,912
order_white,49,98,147,196,245,294,343,392,441,490,539,588,637,686,735,784,833,882,931
order_camouflage,50,100,150,200,250,300,350,400,450,500,550,600,650,700,750,800,850,900,950
order_gray,51,102,153,204,255,306,357,408,459,510,561,612,663,714,765,816,867,918,969
order_magenta,52,104,156,208,260,312,364,416,468,520,572,624,676,728,780,832,884,936,988
order_choice_is_yours,53,106,159,212,265,318,371,424,477,530,583,636,689,742,795,848,901,954,1007
order_u_mad,54,108,162,216,270,324,378,432,486,540,594,648,702,756,810,864,918,972,1026
order_i_feel,55,110,165,220,275,330,385,440,495,550,605,660,715,770,825,880,935,990,1045
order_dice_holic,56,112,168,224,280,336,392,448,504,560,616,672,728,784,840,896,952,1008,1064
order_glhf,57,114,171,228,285,342,399,456,513,570,627,684,741,798,855,912,969,1026,1083
order_preying_on,58,116,174,232,290,348,406,464,522,580,638,696,754,812,870,928,986,1044,1102
order_gby,59,118,177,236,295,354,413,472,531,590,649,708,767,826,885,944,1003,1062,1121
order_you_ready,60,120,180,240,300,360,420,480,540,600,660,720,780,840,900,960,1020,1080,1140
order_fine_mat,61,122,183,244,305,366,427,488,549,610,671,732,793,854,915,976,1037,1098,1159
order_antibacterial,62,124,186,248,310,372,434,496,558,620,682,744,806,868,930,992,1054,1116,1178
order_clear,63,126,189,252,315,378,441,504,567,630,693,756,819,882,945,1008,1071,1134,1197
order_deck_case,64,128,192,256,320,384,448,512,576,640,704,768,832,896,960,1024,1088,1152,1216
order_deck_case_strap,65,130,195,260,325,390,455,520,585,650,715,780,845,910,975,1040,1105,1170,1235
